# name: zz
# type: matrix
# rows: 32
# columns: 2
1 0.0
2 0.067173
3 1.650675
4 1.681318
5 2.678224
6 2.701209
7 3.49636
8 3.515554
9 4.197225
10 4.214026
11 4.819429
12 4.834545
13 5.385007
14 5.398885
15 5.907983
16 5.92089
17 6.397154
18 6.409286
19 6.85832
20 6.869857
21 7.325542
22 7.337964
23 7.830854
24 7.844379
25 8.385502
26 8.400502
27 9.008505
28 9.025595
29 9.732446
30 9.752827
31 10.632779
32 10.659618
