# name: zz
# type: matrix
# rows: 32
# columns: 2
1 0.0
2 0.060073
3 1.56595
4 1.594793
5 2.559382
6 2.581156
7 3.352854
8 3.371081
9 4.033531
10 4.049503
11 4.638893
12 4.653299
13 5.190042
14 5.203272
15 5.699615
16 5.711928
17 6.176025
18 6.187584
19 6.624944
20 6.635854
21 7.072166
22 7.083766
23 7.55286
24 7.565401
25 8.075966
26 8.089723
27 8.655755
28 8.671196
29 9.31744
30 9.335423
31 10.109919
32 10.132215
