# name: zz
# type: matrix
# rows: 32
# columns: 2
1 0.0
2 0.046371
3 1.174565
4 1.196488
5 1.915414
6 1.931986
7 2.506637
8 2.520464
9 3.013439
10 3.025565
11 3.464459
12 3.475394
13 3.87487
14 3.884909
15 4.254113
16 4.263446
17 4.608373
18 4.617129
19 4.942019
20 4.950328
21 5.279812
22 5.288746
23 5.642975
24 5.652626
25 6.038438
26 6.049024
27 6.477112
28 6.489012
29 6.97714
30 6.990964
31 7.575481
32 7.592647
