# name: zz
# type: matrix
# rows: 32
# columns: 2
1 0.0
2 0.073745
3 1.757824
4 1.789315
5 2.82259
6 2.845943
7 3.663074
8 3.682434
9 4.380792
10 4.39773
11 5.019037
12 5.034312
13 5.600225
14 5.614258
15 6.137791
16 6.150852
17 6.640444
18 6.652721
19 7.11472
20 7.12634
21 7.589196
22 7.601608
23 8.101041
24 8.114501
25 8.660366
26 8.675209
27 9.284161
28 9.300943
29 10.00327
30 10.023097
31 10.886091
32 10.911755
