# name: zz
# type: matrix
# rows: 32
# columns: 2
1 0.0
2 0.072706
3 1.786428
4 1.818112
5 2.884389
6 2.908021
7 3.755891
8 3.775585
9 4.500921
10 4.518159
11 5.163612
12 5.17916
13 5.766881
14 5.781168
15 6.324604
16 6.337906
17 6.846336
18 6.858853
19 7.339106
20 7.350972
21 7.832516
22 7.845207
23 8.366148
24 8.379933
25 8.950529
26 8.965751
27 9.604195
28 9.621464
29 10.361282
30 10.381772
31 11.294553
32 11.321083
